4780 
4010 
4400 
4680 
4900 
4820 
4610 
4740 
4720 
4930 
5080 
4410 
5090 
5070 
4940 
4710 
4330 
4320 
3730 
4220 
4750 
4920 
3940 
4910 
5070 
4320 
4640 
4310 
4170 
4080 
4080 
3690 
4480 
4130 
4040 
4710 
3060 
3880 
5210 
4480 
2950 
2920 
2420 
2660 
2810 
2650 
2610 
2590 
2770 
2680 
2920 
3130 
3680 
2990 
2940 
3520 
3530 
3450 
3720 
3680 
3320 
3900 
4720 
4080 
4670 
4380 
4460 
3660 
3730 
4880 
4510 
3430 
4040 
4180 
4390 
4170 
4370 
4230 
4040 
4770 
4260 
3750 
3220 
4300 
3590 
3410 
3730 
3570 
4250 
3780 
3630 
4470 
4510 
4880 
4920 
4970 
4720 
4680 
4750 
4640 
4670 
4010 
4250 
3850 
4800 
4110 
4140 
4220 
3880 
3870 
4290 
3860 
3440 
3280 
3600 
4700 
5380 
5800 
5160 
5710 
5110 
4770 
4160 
4280 
3450 
4310 
3880 
4630 
5000 
5020 
4660 
5180 
3860 
4140 
4210 
3860 
4480 
3830 
4880 
5100 
4630 
5270 
4860 
2950 
