5379 
5338 
5977 
5586 
5594 
5591 
5459 
4779 
3979 
3950 
4659 
5552 
5847 
5590 
6060 
5998 
6239 
6138 
5623 
5166 
4342 
4149 
4936 
6338 
5947 
5580 
6087 
5994 
6363 
5755 
5499 
5027 
4182 
4177 
4452 
5167 
5509 
5180 
4928 
4881 
5284 
4768 
4259 
3996 
3753 
4010 
4591 
5072 
4275 
4644 
5693 
5505 
5441 
5245 
4814 
4238 
4223 
4267 
4631 
5193 
5082 
4245 
4650 
4405 
4840 
4173 
4039 
3689 
3636 
3591 
3371 
4217 
4406 
3821 
3903 
3821 
4248 
3767 
3381 
3289 
3254 
3022 
3693 
3983 
4186 
3724 
4528 
4815 
5610 
5176 
4534 
4037 
3784 
4015 
4237 
4365 
4682 
4830 
5608 
5077 
5400 
5524 
4732 
4210 
3394 
3721 
3999 
4790 
5135 
4383 
5164 
5137 
5691 
5166 
4850 
4349 
3686 
3508 
3660 
4375 
4300 
3593 
4313 
3891 
4457 
4540 
3942 
3612 
3368 
3275 
3859 
4762 
4895 
3949 
4717 
5034 
5865 
5321 
4715 
3937 
3418 
